courbe B-Spline plane non paramétrique interpolée
courbe B-Spline plane non paramétrique(les coeffs sont dans R) avec m = 13 et k = 4
obtenue par interpolation de 14 points de passage
type de scene = courbes 
(  0.000, -0.500)
(  1.000,  0.500)
13
black(0,0)
black(0.1,0)0.1
black(0.2,0)0.2
black(0.4,0)0.4
black(0.6,0)0.6
black(0.8,0)0.8
black(1,0)1
black(0,0.1)0.1
black(0,0.2)0.2
black(0,0.3)0.3
black(0,-0.1)-0.1
black(0,-0.2)-0.2
black(0,-0.3)-0.3
1
couleur = red
nombre de points = 2000
(  0.000,  0.300)
(  0.001,  0.295)
(  0.001,  0.290)
(  0.002,  0.284)
(  0.002,  0.279)
(  0.003,  0.274)
(  0.003,  0.270)
(  0.004,  0.265)
(  0.004,  0.260)
(  0.005,  0.255)
(  0.005,  0.251)
(  0.006,  0.246)
(  0.006,  0.241)
(  0.007,  0.237)
(  0.007,  0.233)
(  0.008,  0.228)
(  0.008,  0.224)
(  0.009,  0.220)
(  0.009,  0.216)
(  0.010,  0.212)
(  0.010,  0.208)
(  0.011,  0.204)
(  0.011,  0.200)
(  0.012,  0.196)
(  0.012,  0.192)
(  0.013,  0.189)
(  0.013,  0.185)
(  0.014,  0.181)
(  0.014,  0.178)
(  0.015,  0.174)
(  0.015,  0.171)
(  0.016,  0.168)
(  0.016,  0.164)
(  0.017,  0.161)
(  0.017,  0.158)
(  0.018,  0.155)
(  0.018,  0.152)
(  0.019,  0.149)
(  0.019,  0.146)
(  0.020,  0.143)
(  0.020,  0.140)
(  0.021,  0.137)
(  0.021,  0.134)
(  0.022,  0.132)
(  0.022,  0.129)
(  0.023,  0.127)
(  0.023,  0.124)
(  0.024,  0.122)
(  0.024,  0.119)
(  0.025,  0.117)
(  0.025,  0.114)
(  0.026,  0.112)
(  0.026,  0.110)
(  0.027,  0.108)
(  0.027,  0.106)
(  0.028,  0.104)
(  0.028,  0.102)
(  0.029,  0.100)
(  0.029,  0.098)
(  0.030,  0.096)
(  0.030,  0.094)
(  0.031,  0.092)
(  0.031,  0.091)
(  0.032,  0.089)
(  0.032,  0.087)
(  0.033,  0.086)
(  0.033,  0.084)
(  0.034,  0.083)
(  0.034,  0.081)
(  0.035,  0.080)
(  0.035,  0.078)
(  0.036,  0.077)
(  0.036,  0.076)
(  0.037,  0.075)
(  0.037,  0.073)
(  0.038,  0.072)
(  0.038,  0.071)
(  0.039,  0.070)
(  0.039,  0.069)
(  0.040,  0.068)
(  0.040,  0.067)
(  0.041,  0.066)
(  0.041,  0.065)
(  0.042,  0.065)
(  0.042,  0.064)
(  0.043,  0.063)
(  0.043,  0.062)
(  0.044,  0.062)
(  0.044,  0.061)
(  0.045,  0.061)
(  0.045,  0.060)
(  0.046,  0.059)
(  0.046,  0.059)
(  0.047,  0.059)
(  0.047,  0.058)
(  0.048,  0.058)
(  0.048,  0.057)
(  0.049,  0.057)
(  0.049,  0.057)
(  0.050,  0.057)
(  0.050,  0.056)
(  0.051,  0.056)
(  0.051,  0.056)
(  0.052,  0.056)
(  0.052,  0.056)
(  0.053,  0.056)
(  0.053,  0.056)
(  0.054,  0.056)
(  0.054,  0.056)
(  0.055,  0.056)
(  0.055,  0.056)
(  0.056,  0.056)
(  0.056,  0.057)
(  0.057,  0.057)
(  0.057,  0.057)
(  0.058,  0.057)
(  0.058,  0.058)
(  0.059,  0.058)
(  0.059,  0.058)
(  0.060,  0.059)
(  0.060,  0.059)
(  0.061,  0.059)
(  0.061,  0.060)
(  0.062,  0.060)
(  0.062,  0.061)
(  0.063,  0.061)
(  0.063,  0.062)
(  0.064,  0.062)
(  0.064,  0.063)
(  0.065,  0.064)
(  0.065,  0.064)
(  0.066,  0.065)
(  0.066,  0.066)
(  0.067,  0.066)
(  0.067,  0.067)
(  0.068,  0.068)
(  0.068,  0.069)
(  0.069,  0.069)
(  0.069,  0.070)
(  0.070,  0.071)
(  0.070,  0.072)
(  0.071,  0.073)
(  0.071,  0.074)
(  0.072,  0.074)
(  0.072,  0.075)
(  0.073,  0.076)
(  0.073,  0.077)
(  0.074,  0.078)
(  0.074,  0.079)
(  0.075,  0.080)
(  0.075,  0.081)
(  0.076,  0.082)
(  0.076,  0.083)
(  0.077,  0.084)
(  0.077,  0.085)
(  0.078,  0.086)
(  0.078,  0.088)
(  0.079,  0.089)
(  0.079,  0.090)
(  0.080,  0.091)
(  0.080,  0.092)
(  0.081,  0.093)
(  0.081,  0.094)
(  0.082,  0.096)
(  0.082,  0.097)
(  0.083,  0.098)
(  0.083,  0.099)
(  0.084,  0.101)
(  0.084,  0.102)
(  0.085,  0.103)
(  0.085,  0.104)
(  0.086,  0.106)
(  0.086,  0.107)
(  0.087,  0.108)
(  0.087,  0.109)
(  0.088,  0.111)
(  0.088,  0.112)
(  0.089,  0.113)
(  0.089,  0.115)
(  0.090,  0.116)
(  0.090,  0.117)
(  0.091,  0.118)
(  0.091,  0.120)
(  0.092,  0.121)
(  0.092,  0.122)
(  0.093,  0.124)
(  0.093,  0.125)
(  0.094,  0.126)
(  0.094,  0.128)
(  0.095,  0.129)
(  0.095,  0.131)
(  0.096,  0.132)
(  0.096,  0.133)
(  0.097,  0.135)
(  0.097,  0.136)
(  0.098,  0.137)
(  0.098,  0.139)
(  0.099,  0.140)
(  0.099,  0.141)
(  0.100,  0.143)
(  0.100,  0.144)
(  0.101,  0.145)
(  0.101,  0.147)
(  0.102,  0.148)
(  0.102,  0.149)
(  0.103,  0.151)
(  0.103,  0.152)
(  0.104,  0.153)
(  0.104,  0.155)
(  0.105,  0.156)
(  0.105,  0.157)
(  0.106,  0.158)
(  0.106,  0.160)
(  0.107,  0.161)
(  0.107,  0.162)
(  0.108,  0.164)
(  0.108,  0.165)
(  0.109,  0.166)
(  0.109,  0.167)
(  0.110,  0.169)
(  0.110,  0.170)
(  0.111,  0.171)
(  0.111,  0.172)
(  0.112,  0.173)
(  0.112,  0.175)
(  0.113,  0.176)
(  0.113,  0.177)
(  0.114,  0.178)
(  0.114,  0.179)
(  0.115,  0.180)
(  0.115,  0.181)
(  0.116,  0.182)
(  0.116,  0.183)
(  0.117,  0.185)
(  0.117,  0.186)
(  0.118,  0.187)
(  0.118,  0.188)
(  0.119,  0.189)
(  0.119,  0.190)
(  0.120,  0.191)
(  0.120,  0.192)
(  0.121,  0.192)
(  0.121,  0.193)
(  0.122,  0.194)
(  0.122,  0.195)
(  0.123,  0.196)
(  0.123,  0.197)
(  0.124,  0.198)
(  0.124,  0.199)
(  0.125,  0.199)
(  0.125,  0.200)
(  0.126,  0.201)
(  0.126,  0.202)
(  0.127,  0.202)
(  0.127,  0.203)
(  0.128,  0.204)
(  0.128,  0.204)
(  0.129,  0.205)
(  0.129,  0.205)
(  0.130,  0.206)
(  0.130,  0.207)
(  0.131,  0.207)
(  0.131,  0.208)
(  0.132,  0.208)
(  0.132,  0.209)
(  0.133,  0.209)
(  0.133,  0.209)
(  0.134,  0.210)
(  0.134,  0.210)
(  0.135,  0.210)
(  0.135,  0.211)
(  0.136,  0.211)
(  0.136,  0.211)
(  0.137,  0.211)
(  0.137,  0.212)
(  0.138,  0.212)
(  0.138,  0.212)
(  0.139,  0.212)
(  0.139,  0.212)
(  0.140,  0.212)
(  0.140,  0.212)
(  0.141,  0.212)
(  0.141,  0.212)
(  0.142,  0.212)
(  0.142,  0.212)
(  0.143,  0.211)
(  0.143,  0.211)
(  0.144,  0.211)
(  0.144,  0.211)
(  0.145,  0.210)
(  0.145,  0.210)
(  0.146,  0.210)
(  0.146,  0.209)
(  0.147,  0.209)
(  0.147,  0.209)
(  0.148,  0.208)
(  0.148,  0.208)
(  0.149,  0.207)
(  0.149,  0.206)
(  0.150,  0.206)
(  0.150,  0.205)
(  0.151,  0.205)
(  0.151,  0.204)
(  0.152,  0.203)
(  0.152,  0.203)
(  0.153,  0.202)
(  0.153,  0.201)
(  0.154,  0.200)
(  0.154,  0.199)
(  0.155,  0.198)
(  0.155,  0.198)
(  0.156,  0.197)
(  0.156,  0.196)
(  0.157,  0.195)
(  0.157,  0.194)
(  0.158,  0.193)
(  0.158,  0.192)
(  0.159,  0.191)
(  0.159,  0.189)
(  0.160,  0.188)
(  0.160,  0.187)
(  0.161,  0.186)
(  0.161,  0.185)
(  0.162,  0.184)
(  0.162,  0.182)
(  0.163,  0.181)
(  0.163,  0.180)
(  0.164,  0.179)
(  0.164,  0.177)
(  0.165,  0.176)
(  0.165,  0.174)
(  0.166,  0.173)
(  0.166,  0.172)
(  0.167,  0.170)
(  0.167,  0.169)
(  0.168,  0.167)
(  0.168,  0.166)
(  0.169,  0.164)
(  0.169,  0.163)
(  0.170,  0.161)
(  0.170,  0.160)
(  0.171,  0.158)
(  0.171,  0.156)
(  0.172,  0.155)
(  0.172,  0.153)
(  0.173,  0.151)
(  0.173,  0.150)
(  0.174,  0.148)
(  0.174,  0.146)
(  0.175,  0.145)
(  0.175,  0.143)
(  0.176,  0.141)
(  0.176,  0.139)
(  0.177,  0.137)
(  0.177,  0.136)
(  0.178,  0.134)
(  0.178,  0.132)
(  0.179,  0.130)
(  0.179,  0.128)
(  0.180,  0.126)
(  0.180,  0.124)
(  0.181,  0.122)
(  0.181,  0.121)
(  0.182,  0.119)
(  0.182,  0.117)
(  0.183,  0.115)
(  0.183,  0.113)
(  0.184,  0.111)
(  0.184,  0.109)
(  0.185,  0.107)
(  0.185,  0.104)
(  0.186,  0.102)
(  0.186,  0.100)
(  0.187,  0.098)
(  0.187,  0.096)
(  0.188,  0.094)
(  0.188,  0.092)
(  0.189,  0.090)
(  0.189,  0.088)
(  0.190,  0.086)
(  0.190,  0.083)
(  0.191,  0.081)
(  0.191,  0.079)
(  0.192,  0.077)
(  0.192,  0.075)
(  0.193,  0.072)
(  0.193,  0.070)
(  0.194,  0.068)
(  0.194,  0.066)
(  0.195,  0.064)
(  0.195,  0.061)
(  0.196,  0.059)
(  0.196,  0.057)
(  0.197,  0.055)
(  0.197,  0.052)
(  0.198,  0.050)
(  0.198,  0.048)
(  0.199,  0.045)
(  0.199,  0.043)
(  0.200,  0.041)
(  0.200,  0.039)
(  0.201,  0.036)
(  0.201,  0.034)
(  0.202,  0.032)
(  0.202,  0.029)
(  0.203,  0.027)
(  0.203,  0.025)
(  0.204,  0.022)
(  0.204,  0.020)
(  0.205,  0.018)
(  0.205,  0.015)
(  0.206,  0.013)
(  0.206,  0.011)
(  0.207,  0.008)
(  0.207,  0.006)
(  0.208,  0.003)
(  0.208,  0.001)
(  0.209, -0.001)
(  0.209, -0.004)
(  0.210, -0.006)
(  0.210, -0.008)
(  0.211, -0.011)
(  0.211, -0.013)
(  0.212, -0.015)
(  0.212, -0.018)
(  0.213, -0.020)
(  0.213, -0.023)
(  0.214, -0.025)
(  0.214, -0.027)
(  0.215, -0.030)
(  0.215, -0.032)
(  0.216, -0.034)
(  0.216, -0.037)
(  0.217, -0.039)
(  0.217, -0.041)
(  0.218, -0.044)
(  0.218, -0.046)
(  0.219, -0.048)
(  0.219, -0.051)
(  0.220, -0.053)
(  0.220, -0.055)
(  0.221, -0.058)
(  0.221, -0.060)
(  0.222, -0.062)
(  0.222, -0.064)
(  0.223, -0.067)
(  0.223, -0.069)
(  0.224, -0.071)
(  0.224, -0.074)
(  0.225, -0.076)
(  0.225, -0.078)
(  0.226, -0.080)
(  0.226, -0.083)
(  0.227, -0.085)
(  0.227, -0.087)
(  0.228, -0.089)
(  0.228, -0.091)
(  0.229, -0.094)
(  0.229, -0.096)
(  0.230, -0.098)
(  0.230, -0.100)
(  0.231, -0.102)
(  0.231, -0.104)
(  0.232, -0.106)
(  0.232, -0.109)
(  0.233, -0.111)
(  0.233, -0.113)
(  0.234, -0.115)
(  0.234, -0.117)
(  0.235, -0.119)
(  0.235, -0.121)
(  0.236, -0.123)
(  0.236, -0.125)
(  0.237, -0.127)
(  0.237, -0.129)
(  0.238, -0.131)
(  0.238, -0.133)
(  0.239, -0.135)
(  0.239, -0.137)
(  0.240, -0.139)
(  0.240, -0.140)
(  0.241, -0.142)
(  0.241, -0.144)
(  0.242, -0.146)
(  0.242, -0.148)
(  0.243, -0.150)
(  0.243, -0.151)
(  0.244, -0.153)
(  0.244, -0.155)
(  0.245, -0.157)
(  0.245, -0.158)
(  0.246, -0.160)
(  0.246, -0.162)
(  0.247, -0.163)
(  0.247, -0.165)
(  0.248, -0.167)
(  0.248, -0.168)
(  0.249, -0.170)
(  0.249, -0.171)
(  0.250, -0.173)
(  0.250, -0.174)
(  0.251, -0.176)
(  0.251, -0.177)
(  0.252, -0.179)
(  0.252, -0.180)
(  0.253, -0.181)
(  0.253, -0.183)
(  0.254, -0.184)
(  0.254, -0.185)
(  0.255, -0.187)
(  0.255, -0.188)
(  0.256, -0.189)
(  0.256, -0.190)
(  0.257, -0.192)
(  0.257, -0.193)
(  0.258, -0.194)
(  0.258, -0.195)
(  0.259, -0.196)
(  0.259, -0.197)
(  0.260, -0.198)
(  0.260, -0.199)
(  0.261, -0.200)
(  0.261, -0.201)
(  0.262, -0.202)
(  0.262, -0.203)
(  0.263, -0.204)
(  0.263, -0.205)
(  0.264, -0.205)
(  0.264, -0.206)
(  0.265, -0.207)
(  0.265, -0.208)
(  0.266, -0.208)
(  0.266, -0.209)
(  0.267, -0.210)
(  0.267, -0.210)
(  0.268, -0.211)
(  0.268, -0.211)
(  0.269, -0.212)
(  0.269, -0.212)
(  0.270, -0.213)
(  0.270, -0.213)
(  0.271, -0.214)
(  0.271, -0.214)
(  0.272, -0.214)
(  0.272, -0.214)
(  0.273, -0.215)
(  0.273, -0.215)
(  0.274, -0.215)
(  0.274, -0.215)
(  0.275, -0.215)
(  0.275, -0.215)
(  0.276, -0.215)
(  0.276, -0.215)
(  0.277, -0.215)
(  0.277, -0.215)
(  0.278, -0.215)
(  0.278, -0.215)
(  0.279, -0.215)
(  0.279, -0.215)
(  0.280, -0.214)
(  0.280, -0.214)
(  0.281, -0.214)
(  0.281, -0.213)
(  0.282, -0.213)
(  0.282, -0.213)
(  0.283, -0.212)
(  0.283, -0.212)
(  0.284, -0.211)
(  0.284, -0.211)
(  0.285, -0.210)
(  0.285, -0.210)
(  0.286, -0.209)
(  0.286, -0.208)
(  0.287, -0.208)
(  0.287, -0.207)
(  0.288, -0.206)
(  0.288, -0.206)
(  0.289, -0.205)
(  0.289, -0.204)
(  0.290, -0.203)
(  0.290, -0.203)
(  0.291, -0.202)
(  0.291, -0.201)
(  0.292, -0.200)
(  0.292, -0.199)
(  0.293, -0.198)
(  0.293, -0.197)
(  0.294, -0.196)
(  0.294, -0.195)
(  0.295, -0.194)
(  0.295, -0.193)
(  0.296, -0.192)
(  0.296, -0.191)
(  0.297, -0.190)
(  0.297, -0.189)
(  0.298, -0.188)
(  0.298, -0.187)
(  0.299, -0.186)
(  0.299, -0.185)
(  0.300, -0.184)
(  0.300, -0.182)
(  0.301, -0.181)
(  0.301, -0.180)
(  0.302, -0.179)
(  0.302, -0.178)
(  0.303, -0.176)
(  0.303, -0.175)
(  0.304, -0.174)
(  0.304, -0.173)
(  0.305, -0.171)
(  0.305, -0.170)
(  0.306, -0.169)
(  0.306, -0.168)
(  0.307, -0.166)
(  0.307, -0.165)
(  0.308, -0.164)
(  0.308, -0.162)
(  0.309, -0.161)
(  0.309, -0.160)
(  0.310, -0.159)
(  0.310, -0.157)
(  0.311, -0.156)
(  0.311, -0.155)
(  0.312, -0.153)
(  0.312, -0.152)
(  0.313, -0.151)
(  0.313, -0.149)
(  0.314, -0.148)
(  0.314, -0.147)
(  0.315, -0.145)
(  0.315, -0.144)
(  0.316, -0.143)
(  0.316, -0.141)
(  0.317, -0.140)
(  0.317, -0.139)
(  0.318, -0.137)
(  0.318, -0.136)
(  0.319, -0.135)
(  0.319, -0.133)
(  0.320, -0.132)
(  0.320, -0.131)
(  0.321, -0.129)
(  0.321, -0.128)
(  0.322, -0.127)
(  0.322, -0.126)
(  0.323, -0.124)
(  0.323, -0.123)
(  0.324, -0.122)
(  0.324, -0.121)
(  0.325, -0.119)
(  0.325, -0.118)
(  0.326, -0.117)
(  0.326, -0.116)
(  0.327, -0.114)
(  0.327, -0.113)
(  0.328, -0.112)
(  0.328, -0.111)
(  0.329, -0.110)
(  0.329, -0.109)
(  0.330, -0.108)
(  0.330, -0.107)
(  0.331, -0.105)
(  0.331, -0.104)
(  0.332, -0.103)
(  0.332, -0.102)
(  0.333, -0.101)
(  0.333, -0.100)
(  0.334, -0.099)
(  0.334, -0.098)
(  0.335, -0.097)
(  0.335, -0.097)
(  0.336, -0.096)
(  0.336, -0.095)
(  0.337, -0.094)
(  0.337, -0.093)
(  0.338, -0.092)
(  0.338, -0.091)
(  0.339, -0.091)
(  0.339, -0.090)
(  0.340, -0.089)
(  0.340, -0.088)
(  0.341, -0.088)
(  0.341, -0.087)
(  0.342, -0.087)
(  0.342, -0.086)
(  0.343, -0.085)
(  0.343, -0.085)
(  0.344, -0.084)
(  0.344, -0.084)
(  0.345, -0.083)
(  0.345, -0.083)
(  0.346, -0.083)
(  0.346, -0.082)
(  0.347, -0.082)
(  0.347, -0.081)
(  0.348, -0.081)
(  0.348, -0.081)
(  0.349, -0.081)
(  0.349, -0.081)
(  0.350, -0.080)
(  0.350, -0.080)
(  0.351, -0.080)
(  0.351, -0.080)
(  0.352, -0.080)
(  0.352, -0.080)
(  0.353, -0.080)
(  0.353, -0.080)
(  0.354, -0.080)
(  0.354, -0.080)
(  0.355, -0.081)
(  0.355, -0.081)
(  0.356, -0.081)
(  0.356, -0.082)
(  0.357, -0.082)
(  0.357, -0.082)
(  0.358, -0.083)
(  0.358, -0.083)
(  0.359, -0.084)
(  0.359, -0.084)
(  0.360, -0.085)
(  0.360, -0.085)
(  0.361, -0.086)
(  0.361, -0.087)
(  0.362, -0.088)
(  0.362, -0.088)
(  0.363, -0.089)
(  0.363, -0.090)
(  0.364, -0.091)
(  0.364, -0.092)
(  0.365, -0.093)
(  0.365, -0.094)
(  0.366, -0.095)
(  0.366, -0.096)
(  0.367, -0.097)
(  0.367, -0.098)
(  0.368, -0.099)
(  0.368, -0.101)
(  0.369, -0.102)
(  0.369, -0.103)
(  0.370, -0.104)
(  0.370, -0.106)
(  0.371, -0.107)
(  0.371, -0.109)
(  0.372, -0.110)
(  0.372, -0.111)
(  0.373, -0.113)
(  0.373, -0.114)
(  0.374, -0.116)
(  0.374, -0.118)
(  0.375, -0.119)
(  0.375, -0.121)
(  0.376, -0.122)
(  0.376, -0.124)
(  0.377, -0.126)
(  0.377, -0.128)
(  0.378, -0.129)
(  0.378, -0.131)
(  0.379, -0.133)
(  0.379, -0.135)
(  0.380, -0.136)
(  0.380, -0.138)
(  0.381, -0.140)
(  0.381, -0.142)
(  0.382, -0.144)
(  0.382, -0.146)
(  0.383, -0.148)
(  0.383, -0.150)
(  0.384, -0.152)
(  0.384, -0.154)
(  0.385, -0.156)
(  0.385, -0.158)
(  0.386, -0.160)
(  0.386, -0.162)
(  0.387, -0.164)
(  0.387, -0.166)
(  0.388, -0.168)
(  0.388, -0.171)
(  0.389, -0.173)
(  0.389, -0.175)
(  0.390, -0.177)
(  0.390, -0.179)
(  0.391, -0.181)
(  0.391, -0.184)
(  0.392, -0.186)
(  0.392, -0.188)
(  0.393, -0.190)
(  0.393, -0.193)
(  0.394, -0.195)
(  0.394, -0.197)
(  0.395, -0.199)
(  0.395, -0.202)
(  0.396, -0.204)
(  0.396, -0.206)
(  0.397, -0.208)
(  0.397, -0.211)
(  0.398, -0.213)
(  0.398, -0.215)
(  0.399, -0.218)
(  0.399, -0.220)
(  0.400, -0.222)
(  0.400, -0.225)
(  0.401, -0.227)
(  0.401, -0.229)
(  0.402, -0.232)
(  0.402, -0.234)
(  0.403, -0.236)
(  0.403, -0.239)
(  0.404, -0.241)
(  0.404, -0.243)
(  0.405, -0.246)
(  0.405, -0.248)
(  0.406, -0.250)
(  0.406, -0.253)
(  0.407, -0.255)
(  0.407, -0.257)
(  0.408, -0.260)
(  0.408, -0.262)
(  0.409, -0.264)
(  0.409, -0.267)
(  0.410, -0.269)
(  0.410, -0.271)
(  0.411, -0.273)
(  0.411, -0.276)
(  0.412, -0.278)
(  0.412, -0.280)
(  0.413, -0.283)
(  0.413, -0.285)
(  0.414, -0.287)
(  0.414, -0.289)
(  0.415, -0.291)
(  0.415, -0.294)
(  0.416, -0.296)
(  0.416, -0.298)
(  0.417, -0.300)
(  0.417, -0.302)
(  0.418, -0.304)
(  0.418, -0.307)
(  0.419, -0.309)
(  0.419, -0.311)
(  0.420, -0.313)
(  0.420, -0.315)
(  0.421, -0.317)
(  0.421, -0.319)
(  0.422, -0.321)
(  0.422, -0.323)
(  0.423, -0.325)
(  0.423, -0.327)
(  0.424, -0.329)
(  0.424, -0.331)
(  0.425, -0.333)
(  0.425, -0.335)
(  0.426, -0.336)
(  0.426, -0.338)
(  0.427, -0.340)
(  0.427, -0.342)
(  0.428, -0.344)
(  0.428, -0.345)
(  0.429, -0.347)
(  0.429, -0.349)
(  0.430, -0.351)
(  0.430, -0.352)
(  0.431, -0.354)
(  0.431, -0.355)
(  0.432, -0.357)
(  0.432, -0.359)
(  0.433, -0.360)
(  0.433, -0.362)
(  0.434, -0.363)
(  0.434, -0.364)
(  0.435, -0.366)
(  0.435, -0.367)
(  0.436, -0.369)
(  0.436, -0.370)
(  0.437, -0.371)
(  0.437, -0.372)
(  0.438, -0.374)
(  0.438, -0.375)
(  0.439, -0.376)
(  0.439, -0.377)
(  0.440, -0.378)
(  0.440, -0.379)
(  0.441, -0.380)
(  0.441, -0.381)
(  0.442, -0.382)
(  0.442, -0.383)
(  0.443, -0.384)
(  0.443, -0.385)
(  0.444, -0.386)
(  0.444, -0.386)
(  0.445, -0.387)
(  0.445, -0.388)
(  0.446, -0.389)
(  0.446, -0.389)
(  0.447, -0.390)
(  0.447, -0.390)
(  0.448, -0.391)
(  0.448, -0.391)
(  0.449, -0.392)
(  0.449, -0.392)
(  0.450, -0.393)
(  0.450, -0.393)
(  0.451, -0.393)
(  0.451, -0.393)
(  0.452, -0.394)
(  0.452, -0.394)
(  0.453, -0.394)
(  0.453, -0.394)
(  0.454, -0.394)
(  0.454, -0.394)
(  0.455, -0.395)
(  0.455, -0.395)
(  0.456, -0.394)
(  0.456, -0.394)
(  0.457, -0.394)
(  0.457, -0.394)
(  0.458, -0.394)
(  0.458, -0.394)
(  0.459, -0.394)
(  0.459, -0.393)
(  0.460, -0.393)
(  0.460, -0.393)
(  0.461, -0.392)
(  0.461, -0.392)
(  0.462, -0.392)
(  0.462, -0.391)
(  0.463, -0.391)
(  0.463, -0.390)
(  0.464, -0.390)
(  0.464, -0.389)
(  0.465, -0.389)
(  0.465, -0.388)
(  0.466, -0.387)
(  0.466, -0.387)
(  0.467, -0.386)
(  0.467, -0.385)
(  0.468, -0.384)
(  0.468, -0.383)
(  0.469, -0.383)
(  0.469, -0.382)
(  0.470, -0.381)
(  0.470, -0.380)
(  0.471, -0.379)
(  0.471, -0.378)
(  0.472, -0.377)
(  0.472, -0.376)
(  0.473, -0.375)
(  0.473, -0.374)
(  0.474, -0.373)
(  0.474, -0.371)
(  0.475, -0.370)
(  0.475, -0.369)
(  0.476, -0.368)
(  0.476, -0.366)
(  0.477, -0.365)
(  0.477, -0.364)
(  0.478, -0.362)
(  0.478, -0.361)
(  0.479, -0.359)
(  0.479, -0.358)
(  0.480, -0.357)
(  0.480, -0.355)
(  0.481, -0.353)
(  0.481, -0.352)
(  0.482, -0.350)
(  0.482, -0.349)
(  0.483, -0.347)
(  0.483, -0.345)
(  0.484, -0.344)
(  0.484, -0.342)
(  0.485, -0.340)
(  0.485, -0.338)
(  0.486, -0.337)
(  0.486, -0.335)
(  0.487, -0.333)
(  0.487, -0.331)
(  0.488, -0.329)
(  0.488, -0.327)
(  0.489, -0.325)
(  0.489, -0.323)
(  0.490, -0.321)
(  0.490, -0.319)
(  0.491, -0.317)
(  0.491, -0.315)
(  0.492, -0.313)
(  0.492, -0.311)
(  0.493, -0.308)
(  0.493, -0.306)
(  0.494, -0.304)
(  0.494, -0.302)
(  0.495, -0.299)
(  0.495, -0.297)
(  0.496, -0.295)
(  0.496, -0.293)
(  0.497, -0.290)
(  0.497, -0.288)
(  0.498, -0.285)
(  0.498, -0.283)
(  0.499, -0.280)
(  0.499, -0.278)
(  0.500, -0.275)
(  0.500, -0.273)
(  0.501, -0.270)
(  0.501, -0.268)
(  0.502, -0.265)
(  0.502, -0.262)
(  0.503, -0.260)
(  0.503, -0.257)
(  0.504, -0.254)
(  0.504, -0.252)
(  0.505, -0.249)
(  0.505, -0.246)
(  0.506, -0.243)
(  0.506, -0.241)
(  0.507, -0.238)
(  0.507, -0.235)
(  0.508, -0.232)
(  0.508, -0.229)
(  0.509, -0.226)
(  0.509, -0.223)
(  0.510, -0.220)
(  0.510, -0.217)
(  0.511, -0.214)
(  0.511, -0.211)
(  0.512, -0.208)
(  0.512, -0.205)
(  0.513, -0.202)
(  0.513, -0.199)
(  0.514, -0.196)
(  0.514, -0.193)
(  0.515, -0.189)
(  0.515, -0.186)
(  0.516, -0.183)
(  0.516, -0.180)
(  0.517, -0.177)
(  0.517, -0.173)
(  0.518, -0.170)
(  0.518, -0.167)
(  0.519, -0.163)
(  0.519, -0.160)
(  0.520, -0.157)
(  0.520, -0.153)
(  0.521, -0.150)
(  0.521, -0.146)
(  0.522, -0.143)
(  0.522, -0.140)
(  0.523, -0.136)
(  0.523, -0.133)
(  0.524, -0.129)
(  0.524, -0.126)
(  0.525, -0.122)
(  0.525, -0.119)
(  0.526, -0.115)
(  0.526, -0.112)
(  0.527, -0.108)
(  0.527, -0.104)
(  0.528, -0.101)
(  0.528, -0.097)
(  0.529, -0.094)
(  0.529, -0.090)
(  0.530, -0.087)
(  0.530, -0.083)
(  0.531, -0.079)
(  0.531, -0.076)
(  0.532, -0.072)
(  0.532, -0.068)
(  0.533, -0.065)
(  0.533, -0.061)
(  0.534, -0.058)
(  0.534, -0.054)
(  0.535, -0.050)
(  0.535, -0.047)
(  0.536, -0.043)
(  0.536, -0.039)
(  0.537, -0.036)
(  0.537, -0.032)
(  0.538, -0.028)
(  0.538, -0.025)
(  0.539, -0.021)
(  0.539, -0.017)
(  0.540, -0.014)
(  0.540, -0.010)
(  0.541, -0.006)
(  0.541, -0.003)
(  0.542,  0.001)
(  0.542,  0.004)
(  0.543,  0.008)
(  0.543,  0.012)
(  0.544,  0.015)
(  0.544,  0.019)
(  0.545,  0.022)
(  0.545,  0.026)
(  0.546,  0.030)
(  0.546,  0.033)
(  0.547,  0.037)
(  0.547,  0.040)
(  0.548,  0.044)
(  0.548,  0.047)
(  0.549,  0.051)
(  0.549,  0.054)
(  0.550,  0.058)
(  0.550,  0.061)
(  0.551,  0.065)
(  0.551,  0.068)
(  0.552,  0.071)
(  0.552,  0.075)
(  0.553,  0.078)
(  0.553,  0.082)
(  0.554,  0.085)
(  0.554,  0.088)
(  0.555,  0.092)
(  0.555,  0.095)
(  0.556,  0.098)
(  0.556,  0.101)
(  0.557,  0.105)
(  0.557,  0.108)
(  0.558,  0.111)
(  0.558,  0.114)
(  0.559,  0.117)
(  0.559,  0.121)
(  0.560,  0.124)
(  0.560,  0.127)
(  0.561,  0.130)
(  0.561,  0.133)
(  0.562,  0.136)
(  0.562,  0.139)
(  0.563,  0.142)
(  0.563,  0.145)
(  0.564,  0.148)
(  0.564,  0.151)
(  0.565,  0.153)
(  0.565,  0.156)
(  0.566,  0.159)
(  0.566,  0.162)
(  0.567,  0.164)
(  0.567,  0.167)
(  0.568,  0.170)
(  0.568,  0.172)
(  0.569,  0.175)
(  0.569,  0.178)
(  0.570,  0.180)
(  0.570,  0.183)
(  0.571,  0.185)
(  0.571,  0.188)
(  0.572,  0.190)
(  0.572,  0.192)
(  0.573,  0.195)
(  0.573,  0.197)
(  0.574,  0.199)
(  0.574,  0.202)
(  0.575,  0.204)
(  0.575,  0.206)
(  0.576,  0.208)
(  0.576,  0.210)
(  0.577,  0.212)
(  0.577,  0.214)
(  0.578,  0.216)
(  0.578,  0.218)
(  0.579,  0.220)
(  0.579,  0.222)
(  0.580,  0.223)
(  0.580,  0.225)
(  0.581,  0.227)
(  0.581,  0.228)
(  0.582,  0.230)
(  0.582,  0.232)
(  0.583,  0.233)
(  0.583,  0.234)
(  0.584,  0.236)
(  0.584,  0.237)
(  0.585,  0.239)
(  0.585,  0.240)
(  0.586,  0.241)
(  0.586,  0.242)
(  0.587,  0.243)
(  0.587,  0.244)
(  0.588,  0.245)
(  0.588,  0.246)
(  0.589,  0.247)
(  0.589,  0.248)
(  0.590,  0.249)
(  0.590,  0.250)
(  0.591,  0.250)
(  0.591,  0.251)
(  0.592,  0.252)
(  0.592,  0.252)
(  0.593,  0.253)
(  0.593,  0.253)
(  0.594,  0.253)
(  0.594,  0.254)
(  0.595,  0.254)
(  0.595,  0.254)
(  0.596,  0.254)
(  0.596,  0.254)
(  0.597,  0.255)
(  0.597,  0.255)
(  0.598,  0.254)
(  0.598,  0.254)
(  0.599,  0.254)
(  0.599,  0.254)
(  0.600,  0.254)
(  0.600,  0.254)
(  0.601,  0.253)
(  0.601,  0.253)
(  0.602,  0.253)
(  0.602,  0.252)
(  0.603,  0.252)
(  0.603,  0.251)
(  0.604,  0.251)
(  0.604,  0.250)
(  0.605,  0.249)
(  0.605,  0.249)
(  0.606,  0.248)
(  0.606,  0.247)
(  0.607,  0.246)
(  0.607,  0.246)
(  0.608,  0.245)
(  0.608,  0.244)
(  0.609,  0.243)
(  0.609,  0.242)
(  0.610,  0.241)
(  0.610,  0.240)
(  0.611,  0.239)
(  0.611,  0.238)
(  0.612,  0.237)
(  0.612,  0.236)
(  0.613,  0.235)
(  0.613,  0.233)
(  0.614,  0.232)
(  0.614,  0.231)
(  0.615,  0.230)
(  0.615,  0.228)
(  0.616,  0.227)
(  0.616,  0.226)
(  0.617,  0.224)
(  0.617,  0.223)
(  0.618,  0.222)
(  0.618,  0.220)
(  0.619,  0.219)
(  0.619,  0.217)
(  0.620,  0.216)
(  0.620,  0.215)
(  0.621,  0.213)
(  0.621,  0.212)
(  0.622,  0.210)
(  0.622,  0.208)
(  0.623,  0.207)
(  0.623,  0.205)
(  0.624,  0.204)
(  0.624,  0.202)
(  0.625,  0.201)
(  0.625,  0.199)
(  0.626,  0.197)
(  0.626,  0.196)
(  0.627,  0.194)
(  0.627,  0.192)
(  0.628,  0.191)
(  0.628,  0.189)
(  0.629,  0.188)
(  0.629,  0.186)
(  0.630,  0.184)
(  0.630,  0.183)
(  0.631,  0.181)
(  0.631,  0.179)
(  0.632,  0.178)
(  0.632,  0.176)
(  0.633,  0.174)
(  0.633,  0.173)
(  0.634,  0.171)
(  0.634,  0.169)
(  0.635,  0.168)
(  0.635,  0.166)
(  0.636,  0.164)
(  0.636,  0.163)
(  0.637,  0.161)
(  0.637,  0.159)
(  0.638,  0.158)
(  0.638,  0.156)
(  0.639,  0.155)
(  0.639,  0.153)
(  0.640,  0.151)
(  0.640,  0.150)
(  0.641,  0.148)
(  0.641,  0.147)
(  0.642,  0.145)
(  0.642,  0.144)
(  0.643,  0.142)
(  0.643,  0.141)
(  0.644,  0.139)
(  0.644,  0.138)
(  0.645,  0.136)
(  0.645,  0.135)
(  0.646,  0.133)
(  0.646,  0.132)
(  0.647,  0.131)
(  0.647,  0.129)
(  0.648,  0.128)
(  0.648,  0.127)
(  0.649,  0.125)
(  0.649,  0.124)
(  0.650,  0.123)
(  0.650,  0.122)
(  0.651,  0.120)
(  0.651,  0.119)
(  0.652,  0.118)
(  0.652,  0.117)
(  0.653,  0.116)
(  0.653,  0.115)
(  0.654,  0.114)
(  0.654,  0.113)
(  0.655,  0.112)
(  0.655,  0.111)
(  0.656,  0.110)
(  0.656,  0.109)
(  0.657,  0.108)
(  0.657,  0.108)
(  0.658,  0.107)
(  0.658,  0.106)
(  0.659,  0.105)
(  0.659,  0.105)
(  0.660,  0.104)
(  0.660,  0.104)
(  0.661,  0.103)
(  0.661,  0.103)
(  0.662,  0.102)
(  0.662,  0.102)
(  0.663,  0.101)
(  0.663,  0.101)
(  0.664,  0.101)
(  0.664,  0.101)
(  0.665,  0.100)
(  0.665,  0.100)
(  0.666,  0.100)
(  0.666,  0.100)
(  0.667,  0.100)
(  0.667,  0.100)
(  0.668,  0.100)
(  0.668,  0.100)
(  0.669,  0.100)
(  0.669,  0.101)
(  0.670,  0.101)
(  0.670,  0.101)
(  0.671,  0.102)
(  0.671,  0.102)
(  0.672,  0.102)
(  0.672,  0.103)
(  0.673,  0.103)
(  0.673,  0.104)
(  0.674,  0.105)
(  0.674,  0.105)
(  0.675,  0.106)
(  0.675,  0.107)
(  0.676,  0.107)
(  0.676,  0.108)
(  0.677,  0.109)
(  0.677,  0.110)
(  0.678,  0.111)
(  0.678,  0.112)
(  0.679,  0.113)
(  0.679,  0.114)
(  0.680,  0.115)
(  0.680,  0.116)
(  0.681,  0.117)
(  0.681,  0.118)
(  0.682,  0.119)
(  0.682,  0.120)
(  0.683,  0.121)
(  0.683,  0.123)
(  0.684,  0.124)
(  0.684,  0.125)
(  0.685,  0.126)
(  0.685,  0.128)
(  0.686,  0.129)
(  0.686,  0.130)
(  0.687,  0.132)
(  0.687,  0.133)
(  0.688,  0.134)
(  0.688,  0.136)
(  0.689,  0.137)
(  0.689,  0.139)
(  0.690,  0.140)
(  0.690,  0.142)
(  0.691,  0.143)
(  0.691,  0.145)
(  0.692,  0.146)
(  0.692,  0.148)
(  0.693,  0.149)
(  0.693,  0.151)
(  0.694,  0.153)
(  0.694,  0.154)
(  0.695,  0.156)
(  0.695,  0.157)
(  0.696,  0.159)
(  0.696,  0.161)
(  0.697,  0.162)
(  0.697,  0.164)
(  0.698,  0.165)
(  0.698,  0.167)
(  0.699,  0.169)
(  0.699,  0.170)
(  0.700,  0.172)
(  0.700,  0.174)
(  0.701,  0.175)
(  0.701,  0.177)
(  0.702,  0.179)
(  0.702,  0.180)
(  0.703,  0.182)
(  0.703,  0.184)
(  0.704,  0.185)
(  0.704,  0.187)
(  0.705,  0.189)
(  0.705,  0.190)
(  0.706,  0.192)
(  0.706,  0.194)
(  0.707,  0.195)
(  0.707,  0.197)
(  0.708,  0.198)
(  0.708,  0.200)
(  0.709,  0.202)
(  0.709,  0.203)
(  0.710,  0.205)
(  0.710,  0.206)
(  0.711,  0.208)
(  0.711,  0.209)
(  0.712,  0.211)
(  0.712,  0.212)
(  0.713,  0.214)
(  0.713,  0.215)
(  0.714,  0.217)
(  0.714,  0.218)
(  0.715,  0.220)
(  0.715,  0.221)
(  0.716,  0.222)
(  0.716,  0.224)
(  0.717,  0.225)
(  0.717,  0.226)
(  0.718,  0.228)
(  0.718,  0.229)
(  0.719,  0.230)
(  0.719,  0.231)
(  0.720,  0.233)
(  0.720,  0.234)
(  0.721,  0.235)
(  0.721,  0.236)
(  0.722,  0.237)
(  0.722,  0.238)
(  0.723,  0.239)
(  0.723,  0.240)
(  0.724,  0.241)
(  0.724,  0.242)
(  0.725,  0.243)
(  0.725,  0.244)
(  0.726,  0.245)
(  0.726,  0.246)
(  0.727,  0.246)
(  0.727,  0.247)
(  0.728,  0.248)
(  0.728,  0.248)
(  0.729,  0.249)
(  0.729,  0.250)
(  0.730,  0.250)
(  0.730,  0.251)
(  0.731,  0.251)
(  0.731,  0.252)
(  0.732,  0.252)
(  0.732,  0.252)
(  0.733,  0.253)
(  0.733,  0.253)
(  0.734,  0.253)
(  0.734,  0.253)
(  0.735,  0.253)
(  0.735,  0.253)
(  0.736,  0.253)
(  0.736,  0.253)
(  0.737,  0.253)
(  0.737,  0.253)
(  0.738,  0.253)
(  0.738,  0.253)
(  0.739,  0.252)
(  0.739,  0.252)
(  0.740,  0.252)
(  0.740,  0.251)
(  0.741,  0.251)
(  0.741,  0.250)
(  0.742,  0.250)
(  0.742,  0.249)
(  0.743,  0.248)
(  0.743,  0.247)
(  0.744,  0.247)
(  0.744,  0.246)
(  0.745,  0.245)
(  0.745,  0.244)
(  0.746,  0.243)
(  0.746,  0.242)
(  0.747,  0.241)
(  0.747,  0.239)
(  0.748,  0.238)
(  0.748,  0.237)
(  0.749,  0.235)
(  0.749,  0.234)
(  0.750,  0.233)
(  0.750,  0.231)
(  0.751,  0.230)
(  0.751,  0.228)
(  0.752,  0.226)
(  0.752,  0.225)
(  0.753,  0.223)
(  0.753,  0.221)
(  0.754,  0.220)
(  0.754,  0.218)
(  0.755,  0.216)
(  0.755,  0.214)
(  0.756,  0.212)
(  0.756,  0.210)
(  0.757,  0.208)
(  0.757,  0.206)
(  0.758,  0.204)
(  0.758,  0.201)
(  0.759,  0.199)
(  0.759,  0.197)
(  0.760,  0.195)
(  0.760,  0.192)
(  0.761,  0.190)
(  0.761,  0.188)
(  0.762,  0.185)
(  0.762,  0.183)
(  0.763,  0.180)
(  0.763,  0.178)
(  0.764,  0.175)
(  0.764,  0.173)
(  0.765,  0.170)
(  0.765,  0.167)
(  0.766,  0.165)
(  0.766,  0.162)
(  0.767,  0.159)
(  0.767,  0.157)
(  0.768,  0.154)
(  0.768,  0.151)
(  0.769,  0.148)
(  0.769,  0.145)
(  0.770,  0.142)
(  0.770,  0.139)
(  0.771,  0.137)
(  0.771,  0.134)
(  0.772,  0.131)
(  0.772,  0.128)
(  0.773,  0.125)
(  0.773,  0.121)
(  0.774,  0.118)
(  0.774,  0.115)
(  0.775,  0.112)
(  0.775,  0.109)
(  0.776,  0.106)
(  0.776,  0.103)
(  0.777,  0.100)
(  0.777,  0.096)
(  0.778,  0.093)
(  0.778,  0.090)
(  0.779,  0.087)
(  0.779,  0.083)
(  0.780,  0.080)
(  0.780,  0.077)
(  0.781,  0.073)
(  0.781,  0.070)
(  0.782,  0.067)
(  0.782,  0.063)
(  0.783,  0.060)
(  0.783,  0.057)
(  0.784,  0.053)
(  0.784,  0.050)
(  0.785,  0.047)
(  0.785,  0.043)
(  0.786,  0.040)
(  0.786,  0.036)
(  0.787,  0.033)
(  0.787,  0.029)
(  0.788,  0.026)
(  0.788,  0.023)
(  0.789,  0.019)
(  0.789,  0.016)
(  0.790,  0.012)
(  0.790,  0.009)
(  0.791,  0.005)
(  0.791,  0.002)
(  0.792, -0.002)
(  0.792, -0.005)
(  0.793, -0.009)
(  0.793, -0.012)
(  0.794, -0.015)
(  0.794, -0.019)
(  0.795, -0.022)
(  0.795, -0.026)
(  0.796, -0.029)
(  0.796, -0.033)
(  0.797, -0.036)
(  0.797, -0.040)
(  0.798, -0.043)
(  0.798, -0.046)
(  0.799, -0.050)
(  0.799, -0.053)
(  0.800, -0.057)
(  0.800, -0.060)
(  0.801, -0.063)
(  0.801, -0.067)
(  0.802, -0.070)
(  0.802, -0.074)
(  0.803, -0.077)
(  0.803, -0.080)
(  0.804, -0.084)
(  0.804, -0.087)
(  0.805, -0.090)
(  0.805, -0.093)
(  0.806, -0.097)
(  0.806, -0.100)
(  0.807, -0.103)
(  0.807, -0.106)
(  0.808, -0.110)
(  0.808, -0.113)
(  0.809, -0.116)
(  0.809, -0.119)
(  0.810, -0.122)
(  0.810, -0.125)
(  0.811, -0.128)
(  0.811, -0.131)
(  0.812, -0.135)
(  0.812, -0.138)
(  0.813, -0.141)
(  0.813, -0.144)
(  0.814, -0.146)
(  0.814, -0.149)
(  0.815, -0.152)
(  0.815, -0.155)
(  0.816, -0.158)
(  0.816, -0.161)
(  0.817, -0.164)
(  0.817, -0.166)
(  0.818, -0.169)
(  0.818, -0.172)
(  0.819, -0.175)
(  0.819, -0.177)
(  0.820, -0.180)
(  0.820, -0.183)
(  0.821, -0.185)
(  0.821, -0.188)
(  0.822, -0.190)
(  0.822, -0.193)
(  0.823, -0.195)
(  0.823, -0.198)
(  0.824, -0.200)
(  0.824, -0.203)
(  0.825, -0.205)
(  0.825, -0.207)
(  0.826, -0.210)
(  0.826, -0.212)
(  0.827, -0.214)
(  0.827, -0.216)
(  0.828, -0.219)
(  0.828, -0.221)
(  0.829, -0.223)
(  0.829, -0.225)
(  0.830, -0.227)
(  0.830, -0.229)
(  0.831, -0.232)
(  0.831, -0.234)
(  0.832, -0.236)
(  0.832, -0.238)
(  0.833, -0.240)
(  0.833, -0.242)
(  0.834, -0.244)
(  0.834, -0.245)
(  0.835, -0.247)
(  0.835, -0.249)
(  0.836, -0.251)
(  0.836, -0.253)
(  0.837, -0.255)
(  0.837, -0.256)
(  0.838, -0.258)
(  0.838, -0.260)
(  0.839, -0.262)
(  0.839, -0.263)
(  0.840, -0.265)
(  0.840, -0.267)
(  0.841, -0.268)
(  0.841, -0.270)
(  0.842, -0.271)
(  0.842, -0.273)
(  0.843, -0.274)
(  0.843, -0.276)
(  0.844, -0.277)
(  0.844, -0.279)
(  0.845, -0.280)
(  0.845, -0.282)
(  0.846, -0.283)
(  0.846, -0.284)
(  0.847, -0.286)
(  0.847, -0.287)
(  0.848, -0.288)
(  0.848, -0.290)
(  0.849, -0.291)
(  0.849, -0.292)
(  0.850, -0.293)
(  0.850, -0.294)
(  0.851, -0.296)
(  0.851, -0.297)
(  0.852, -0.298)
(  0.852, -0.299)
(  0.853, -0.300)
(  0.853, -0.301)
(  0.854, -0.302)
(  0.854, -0.303)
(  0.855, -0.304)
(  0.855, -0.305)
(  0.856, -0.306)
(  0.856, -0.307)
(  0.857, -0.308)
(  0.857, -0.309)
(  0.858, -0.310)
(  0.858, -0.311)
(  0.859, -0.311)
(  0.859, -0.312)
(  0.860, -0.313)
(  0.860, -0.314)
(  0.861, -0.315)
(  0.861, -0.315)
(  0.862, -0.316)
(  0.862, -0.317)
(  0.863, -0.318)
(  0.863, -0.318)
(  0.864, -0.319)
(  0.864, -0.319)
(  0.865, -0.320)
(  0.865, -0.321)
(  0.866, -0.321)
(  0.866, -0.322)
(  0.867, -0.322)
(  0.867, -0.323)
(  0.868, -0.323)
(  0.868, -0.324)
(  0.869, -0.324)
(  0.869, -0.325)
(  0.870, -0.325)
(  0.870, -0.326)
(  0.871, -0.326)
(  0.871, -0.326)
(  0.872, -0.327)
(  0.872, -0.327)
(  0.873, -0.327)
(  0.873, -0.328)
(  0.874, -0.328)
(  0.874, -0.328)
(  0.875, -0.329)
(  0.875, -0.329)
(  0.876, -0.329)
(  0.876, -0.329)
(  0.877, -0.329)
(  0.877, -0.330)
(  0.878, -0.330)
(  0.878, -0.330)
(  0.879, -0.330)
(  0.879, -0.330)
(  0.880, -0.330)
(  0.880, -0.330)
(  0.881, -0.330)
(  0.881, -0.330)
(  0.882, -0.331)
(  0.882, -0.331)
(  0.883, -0.331)
(  0.883, -0.331)
(  0.884, -0.331)
(  0.884, -0.330)
(  0.885, -0.330)
(  0.885, -0.330)
(  0.886, -0.330)
(  0.886, -0.330)
(  0.887, -0.330)
(  0.887, -0.330)
(  0.888, -0.330)
(  0.888, -0.330)
(  0.889, -0.329)
(  0.889, -0.329)
(  0.890, -0.329)
(  0.890, -0.329)
(  0.891, -0.329)
(  0.891, -0.328)
(  0.892, -0.328)
(  0.892, -0.328)
(  0.893, -0.328)
(  0.893, -0.327)
(  0.894, -0.327)
(  0.894, -0.327)
(  0.895, -0.326)
(  0.895, -0.326)
(  0.896, -0.326)
(  0.896, -0.325)
(  0.897, -0.325)
(  0.897, -0.324)
(  0.898, -0.324)
(  0.898, -0.323)
(  0.899, -0.323)
(  0.899, -0.323)
(  0.900, -0.322)
(  0.900, -0.322)
(  0.901, -0.321)
(  0.901, -0.321)
(  0.902, -0.320)
(  0.902, -0.320)
(  0.903, -0.319)
(  0.903, -0.319)
(  0.904, -0.318)
(  0.904, -0.317)
(  0.905, -0.317)
(  0.905, -0.316)
(  0.906, -0.316)
(  0.906, -0.315)
(  0.907, -0.314)
(  0.907, -0.314)
(  0.908, -0.313)
(  0.908, -0.312)
(  0.909, -0.312)
(  0.909, -0.311)
(  0.910, -0.310)
(  0.910, -0.310)
(  0.911, -0.309)
(  0.911, -0.308)
(  0.912, -0.307)
(  0.912, -0.307)
(  0.913, -0.306)
(  0.913, -0.305)
(  0.914, -0.304)
(  0.914, -0.304)
(  0.915, -0.303)
(  0.915, -0.302)
(  0.916, -0.301)
(  0.916, -0.300)
(  0.917, -0.300)
(  0.917, -0.299)
(  0.918, -0.298)
(  0.918, -0.297)
(  0.919, -0.296)
(  0.919, -0.295)
(  0.920, -0.294)
(  0.920, -0.293)
(  0.921, -0.293)
(  0.921, -0.292)
(  0.922, -0.291)
(  0.922, -0.290)
(  0.923, -0.289)
(  0.923, -0.288)
(  0.924, -0.287)
(  0.924, -0.286)
(  0.925, -0.285)
(  0.925, -0.284)
(  0.926, -0.283)
(  0.926, -0.282)
(  0.927, -0.281)
(  0.927, -0.280)
(  0.928, -0.279)
(  0.928, -0.278)
(  0.929, -0.277)
(  0.929, -0.276)
(  0.930, -0.275)
(  0.930, -0.274)
(  0.931, -0.273)
(  0.931, -0.272)
(  0.932, -0.271)
(  0.932, -0.269)
(  0.933, -0.268)
(  0.933, -0.267)
(  0.934, -0.266)
(  0.934, -0.265)
(  0.935, -0.264)
(  0.935, -0.263)
(  0.936, -0.262)
(  0.936, -0.261)
(  0.937, -0.259)
(  0.937, -0.258)
(  0.938, -0.257)
(  0.938, -0.256)
(  0.939, -0.255)
(  0.939, -0.254)
(  0.940, -0.252)
(  0.940, -0.251)
(  0.941, -0.250)
(  0.941, -0.249)
(  0.942, -0.248)
(  0.942, -0.247)
(  0.943, -0.245)
(  0.943, -0.244)
(  0.944, -0.243)
(  0.944, -0.242)
(  0.945, -0.241)
(  0.945, -0.239)
(  0.946, -0.238)
(  0.946, -0.237)
(  0.947, -0.236)
(  0.947, -0.234)
(  0.948, -0.233)
(  0.948, -0.232)
(  0.949, -0.231)
(  0.949, -0.229)
(  0.950, -0.228)
(  0.950, -0.227)
(  0.951, -0.226)
(  0.951, -0.224)
(  0.952, -0.223)
(  0.952, -0.222)
(  0.953, -0.221)
(  0.953, -0.219)
(  0.954, -0.218)
(  0.954, -0.217)
(  0.955, -0.215)
(  0.955, -0.214)
(  0.956, -0.213)
(  0.956, -0.212)
(  0.957, -0.210)
(  0.957, -0.209)
(  0.958, -0.208)
(  0.958, -0.206)
(  0.959, -0.205)
(  0.959, -0.204)
(  0.960, -0.202)
(  0.960, -0.201)
(  0.961, -0.200)
(  0.961, -0.198)
(  0.962, -0.197)
(  0.962, -0.196)
(  0.963, -0.195)
(  0.963, -0.193)
(  0.964, -0.192)
(  0.964, -0.191)
(  0.965, -0.189)
(  0.965, -0.188)
(  0.966, -0.187)
(  0.966, -0.185)
(  0.967, -0.184)
(  0.967, -0.183)
(  0.968, -0.181)
(  0.968, -0.180)
(  0.969, -0.179)
(  0.969, -0.177)
(  0.970, -0.176)
(  0.970, -0.175)
(  0.971, -0.173)
(  0.971, -0.172)
(  0.972, -0.171)
(  0.972, -0.169)
(  0.973, -0.168)
(  0.973, -0.167)
(  0.974, -0.165)
(  0.974, -0.164)
(  0.975, -0.163)
(  0.975, -0.161)
(  0.976, -0.160)
(  0.976, -0.159)
(  0.977, -0.158)
(  0.977, -0.156)
(  0.978, -0.155)
(  0.978, -0.154)
(  0.979, -0.152)
(  0.979, -0.151)
(  0.980, -0.150)
(  0.980, -0.148)
(  0.981, -0.147)
(  0.981, -0.146)
(  0.982, -0.144)
(  0.982, -0.143)
(  0.983, -0.142)
(  0.983, -0.141)
(  0.984, -0.139)
(  0.984, -0.138)
(  0.985, -0.137)
(  0.985, -0.135)
(  0.986, -0.134)
(  0.986, -0.133)
(  0.987, -0.132)
(  0.987, -0.130)
(  0.988, -0.129)
(  0.988, -0.128)
(  0.989, -0.127)
(  0.989, -0.125)
(  0.990, -0.124)
(  0.990, -0.123)
(  0.991, -0.122)
(  0.991, -0.120)
(  0.992, -0.119)
(  0.992, -0.118)
(  0.993, -0.117)
(  0.993, -0.115)
(  0.994, -0.114)
(  0.994, -0.113)
(  0.995, -0.112)
(  0.995, -0.111)
(  0.996, -0.109)
(  0.996, -0.108)
(  0.997, -0.107)
(  0.997, -0.106)
(  0.998, -0.105)
(  0.998, -0.103)
(  0.999, -0.102)
(  0.999, -0.101)
(  1.000, -0.100)
