S majuscule tracé à la main
544
(390.0, ( -0.6500000000000001, 0.04285714285714293))
(405.0, ( -0.6357142857142857, 0.04285714285714293))
(405.0, ( -0.6071428571428572, 0.04285714285714293))
(421.0, ( -0.592857142857143, 0.04285714285714293))
(421.0, ( -0.5714285714285714, 0.04285714285714293))
(437.0, ( -0.5571428571428572, 0.04285714285714293))
(437.0, ( -0.5428571428571429, 0.04285714285714293))
(452.0, ( -0.5285714285714287, 0.04285714285714293))
(452.0, ( -0.5214285714285716, 0.04285714285714293))
(468.0, ( -0.5142857142857145, 0.04285714285714293))
(468.0, ( -0.5, 0.04285714285714293))
(483.0, ( -0.48571428571428577, 0.04285714285714293))
(483.0, ( -0.47857142857142865, 0.04285714285714293))
(499.0, ( -0.47142857142857153, 0.04285714285714293))
(515.0, ( -0.47142857142857153, 0.0357142857142857))
(530.0, ( -0.4642857142857144, 0.0357142857142857))
(546.0, ( -0.4571428571428573, 0.0357142857142857))
(561.0, ( -0.4500000000000002, 0.0357142857142857))
(577.0, ( -0.44285714285714306, 0.0357142857142857))
(593.0, ( -0.4285714285714288, 0.0357142857142857))
(608.0, ( -0.4214285714285717, 0.0357142857142857))
(608.0, ( -0.3999999999999999, 0.0357142857142857))
(624.0, ( -0.3928571428571428, 0.0357142857142857))
(624.0, ( -0.3857142857142857, 0.0357142857142857))
(639.0, ( -0.37142857142857144, 0.0357142857142857))
(655.0, ( -0.3571428571428572, 0.0357142857142857))
(655.0, ( -0.34285714285714297, 0.0357142857142857))
(671.0, ( -0.3214285714285716, 0.0357142857142857))
(671.0, ( -0.3071428571428574, 0.0357142857142857))
(686.0, ( -0.27857142857142847, 0.0357142857142857))
(686.0, ( -0.25, 0.0357142857142857))
(702.0, ( -0.2071428571428573, 0.0357142857142857))
(702.0, ( -0.1071428571428572, 0.0357142857142857))
(717.0, ( -0.057142857142857384, 0.0357142857142857))
(733.0, ( 0.02857142857142847, 0.0357142857142857))
(733.0, ( 0.06428571428571406, 0.0357142857142857))
(749.0, ( 0.08571428571428585, 0.0357142857142857))
(749.0, ( 0.1071428571428572, 0.0357142857142857))
(764.0, ( 0.11428571428571432, 0.0357142857142857))
(764.0, ( 0.1428571428571428, 0.0357142857142857))
(780.0, ( 0.1499999999999999, 0.0357142857142857))
(795.0, ( 0.16428571428571415, 0.0357142857142857))
(795.0, ( 0.1857142857142855, 0.0357142857142857))
(811.0, ( 0.19285714285714262, 0.0357142857142857))
(811.0, ( 0.20714285714285685, 0.0357142857142857))
(827.0, ( 0.22142857142857153, 0.0357142857142857))
(827.0, ( 0.24285714285714288, 0.04285714285714293))
(842.0, ( 0.25, 0.04285714285714293))
(842.0, ( 0.2571428571428571, 0.04285714285714293))
(858.0, ( 0.27142857142857135, 0.04285714285714293))
(873.0, ( 0.27857142857142847, 0.04285714285714293))
(873.0, ( 0.2857142857142856, 0.04285714285714293))
(889.0, ( 0.2999999999999998, 0.04285714285714293))
(905.0, ( 0.30714285714285694, 0.04285714285714293))
(905.0, ( 0.31428571428571406, 0.050000000000000044))
(920.0, ( 0.3285714285714283, 0.050000000000000044))
(920.0, ( 0.34285714285714297, 0.05714285714285716))
(936.0, ( 0.3571428571428572, 0.06428571428571428))
(951.0, ( 0.37857142857142856, 0.07142857142857151))
(951.0, ( 0.3999999999999999, 0.07857142857142863))
(967.0, ( 0.40714285714285703, 0.08571428571428574))
(967.0, ( 0.42142857142857126, 0.08571428571428574))
(983.0, ( 0.4285714285714284, 0.08571428571428574))
(998.0, ( 0.4357142857142855, 0.08571428571428574))
(998.0, ( 0.4357142857142855, 0.09285714285714286))
(1014.0, ( 0.4428571428571426, 0.09285714285714286))
(1029.0, ( 0.44999999999999973, 0.09285714285714286))
(1045.0, ( 0.44999999999999973, 0.09999999999999998))
(1045.0, ( 0.4642857142857144, 0.09999999999999998))
(1061.0, ( 0.47857142857142865, 0.11428571428571432))
(1076.0, ( 0.48571428571428577, 0.11428571428571432))
(1092.0, ( 0.4928571428571429, 0.12142857142857144))
(1092.0, ( 0.5, 0.12142857142857144))
(1107.0, ( 0.5071428571428571, 0.12142857142857144))
(1107.0, ( 0.5142857142857142, 0.1357142857142858))
(1123.0, ( 0.5214285714285714, 0.1428571428571429))
(1123.0, ( 0.5285714285714285, 0.15714285714285714))
(1139.0, ( 0.5428571428571427, 0.15714285714285714))
(1139.0, ( 0.5499999999999998, 0.16428571428571426))
(1154.0, ( 0.5642857142857141, 0.17142857142857149))
(1154.0, ( 0.5714285714285712, 0.1785714285714286))
(1170.0, ( 0.5857142857142854, 0.20000000000000007))
(1170.0, ( 0.592857142857143, 0.20714285714285718))
(1185.0, ( 0.6000000000000001, 0.2142857142857143))
(1185.0, ( 0.6071428571428572, 0.22142857142857142))
(1201.0, ( 0.6142857142857143, 0.22142857142857142))
(1217.0, ( 0.6142857142857143, 0.23571428571428577))
(1217.0, ( 0.6214285714285714, 0.24285714285714288))
(1232.0, ( 0.6285714285714286, 0.2571428571428571))
(1248.0, ( 0.6357142857142857, 0.26428571428571435))
(1248.0, ( 0.6428571428571428, 0.2785714285714286))
(1263.0, ( 0.6428571428571428, 0.2857142857142857))
(1279.0, ( 0.6428571428571428, 0.2928571428571429))
(1279.0, ( 0.6499999999999999, 0.2928571428571429))
(1295.0, ( 0.6499999999999999, 0.30000000000000004))
(1310.0, ( 0.6499999999999999, 0.3142857142857143))
(1310.0, ( 0.6499999999999999, 0.3285714285714286))
(1326.0, ( 0.657142857142857, 0.33571428571428574))
(1326.0, ( 0.657142857142857, 0.34285714285714286))
(1341.0, ( 0.657142857142857, 0.35))
(1341.0, ( 0.657142857142857, 0.3571428571428572))
(1357.0, ( 0.657142857142857, 0.3642857142857143))
(1357.0, ( 0.657142857142857, 0.37142857142857144))
(1373.0, ( 0.6642857142857141, 0.37857142857142856))
(1373.0, ( 0.6642857142857141, 0.3857142857142858))
(1388.0, ( 0.6642857142857141, 0.3928571428571429))
(1388.0, ( 0.6642857142857141, 0.40714285714285714))
(1404.0, ( 0.6642857142857141, 0.41428571428571426))
(1404.0, ( 0.6642857142857141, 0.4214285714285715))
(1419.0, ( 0.6642857142857141, 0.4285714285714286))
(1435.0, ( 0.6642857142857141, 0.4357142857142857))
(1466.0, ( 0.6642857142857141, 0.45000000000000007))
(1482.0, ( 0.6642857142857141, 0.4571428571428572))
(1497.0, ( 0.657142857142857, 0.4642857142857143))
(1497.0, ( 0.657142857142857, 0.4714285714285714))
(1529.0, ( 0.657142857142857, 0.47857142857142854))
(1529.0, ( 0.6499999999999999, 0.47857142857142854))
(1544.0, ( 0.6428571428571428, 0.47857142857142854))
(1560.0, ( 0.6428571428571428, 0.48571428571428577))
(1560.0, ( 0.6357142857142857, 0.4928571428571429))
(1575.0, ( 0.6357142857142857, 0.5))
(1575.0, ( 0.6285714285714286, 0.5))
(1591.0, ( 0.6142857142857143, 0.5142857142857142))
(1607.0, ( 0.6071428571428572, 0.5214285714285715))
(1607.0, ( 0.6000000000000001, 0.5285714285714286))
(1622.0, ( 0.592857142857143, 0.5285714285714286))
(1622.0, ( 0.5857142857142854, 0.5428571428571429))
(1638.0, ( 0.5785714285714283, 0.55))
(1653.0, ( 0.5714285714285712, 0.5642857142857143))
(1669.0, ( 0.5642857142857141, 0.5642857142857143))
(1669.0, ( 0.5571428571428569, 0.5642857142857143))
(1685.0, ( 0.5499999999999998, 0.5785714285714285))
(1700.0, ( 0.5428571428571427, 0.5785714285714285))
(1700.0, ( 0.5357142857142856, 0.5785714285714285))
(1716.0, ( 0.5357142857142856, 0.5857142857142857))
(1716.0, ( 0.5285714285714285, 0.5857142857142857))
(1731.0, ( 0.5214285714285714, 0.5857142857142857))
(1763.0, ( 0.5214285714285714, 0.5928571428571429))
(1763.0, ( 0.5142857142857142, 0.5928571428571429))
(1778.0, ( 0.5071428571428571, 0.5928571428571429))
(1778.0, ( 0.5, 0.5928571428571429))
(1794.0, ( 0.4928571428571429, 0.6000000000000001))
(1809.0, ( 0.48571428571428577, 0.6000000000000001))
(1809.0, ( 0.47857142857142865, 0.6071428571428572))
(1825.0, ( 0.47142857142857153, 0.6142857142857143))
(1843.0, ( 0.45714285714285685, 0.6214285714285714))
(1859.0, ( 0.44999999999999973, 0.6285714285714286))
(1859.0, ( 0.4357142857142855, 0.6357142857142857))
(1874.0, ( 0.4285714285714284, 0.6428571428571428))
(1874.0, ( 0.41428571428571415, 0.65))
(1890.0, ( 0.40714285714285703, 0.65))
(1906.0, ( 0.40714285714285703, 0.6571428571428571))
(1906.0, ( 0.3999999999999999, 0.6571428571428571))
(1921.0, ( 0.3928571428571428, 0.6571428571428571))
(1937.0, ( 0.3928571428571428, 0.6642857142857144))
(1937.0, ( 0.3857142857142857, 0.6642857142857144))
(1952.0, ( 0.37857142857142856, 0.6642857142857144))
(1952.0, ( 0.37142857142857144, 0.6642857142857144))
(1968.0, ( 0.3642857142857143, 0.6642857142857144))
(1968.0, ( 0.3571428571428572, 0.6642857142857144))
(1984.0, ( 0.3500000000000001, 0.6642857142857144))
(2015.0, ( 0.34285714285714297, 0.6642857142857144))
(2030.0, ( 0.3357142857142854, 0.6642857142857144))
(2046.0, ( 0.3285714285714283, 0.6642857142857144))
(2077.0, ( 0.3214285714285712, 0.6642857142857144))
(2108.0, ( 0.30714285714285694, 0.6642857142857144))
(2124.0, ( 0.2999999999999998, 0.6642857142857144))
(2140.0, ( 0.2928571428571427, 0.6642857142857144))
(2155.0, ( 0.2857142857142856, 0.6571428571428571))
(2155.0, ( 0.27857142857142847, 0.6571428571428571))
(2171.0, ( 0.27142857142857135, 0.65))
(2186.0, ( 0.26428571428571423, 0.65))
(2202.0, ( 0.2571428571428571, 0.6428571428571428))
(2202.0, ( 0.25, 0.6428571428571428))
(2218.0, ( 0.25, 0.6357142857142857))
(2218.0, ( 0.24285714285714288, 0.6285714285714286))
(2233.0, ( 0.22857142857142865, 0.6214285714285714))
(2249.0, ( 0.22142857142857153, 0.6142857142857143))
(2249.0, ( 0.20714285714285685, 0.6071428571428572))
(2264.0, ( 0.20714285714285685, 0.6000000000000001))
(2264.0, ( 0.19285714285714262, 0.5928571428571429))
(2280.0, ( 0.1857142857142855, 0.5785714285714285))
(2280.0, ( 0.17142857142857126, 0.5714285714285714))
(2296.0, ( 0.16428571428571415, 0.5571428571428572))
(2296.0, ( 0.15714285714285703, 0.55))
(2311.0, ( 0.1499999999999999, 0.5357142857142858))
(2311.0, ( 0.13571428571428568, 0.5285714285714286))
(2327.0, ( 0.12857142857142856, 0.5214285714285715))
(2327.0, ( 0.12857142857142856, 0.5071428571428571))
(2342.0, ( 0.11428571428571432, 0.5))
(2342.0, ( 0.11428571428571432, 0.4928571428571429))
(2358.0, ( 0.1071428571428572, 0.47857142857142854))
(2358.0, ( 0.10000000000000009, 0.47857142857142854))
(2374.0, ( 0.10000000000000009, 0.4642857142857143))
(2374.0, ( 0.09285714285714297, 0.4642857142857143))
(2389.0, ( 0.09285714285714297, 0.45000000000000007))
(2405.0, ( 0.09285714285714297, 0.44285714285714284))
(2405.0, ( 0.09285714285714297, 0.4357142857142857))
(2420.0, ( 0.09285714285714297, 0.4285714285714286))
(2420.0, ( 0.09285714285714297, 0.4214285714285715))
(2436.0, ( 0.08571428571428585, 0.41428571428571426))
(2436.0, ( 0.08571428571428585, 0.40714285714285714))
(2452.0, ( 0.08571428571428585, 0.3928571428571429))
(2452.0, ( 0.08571428571428585, 0.3857142857142858))
(2467.0, ( 0.08571428571428585, 0.37142857142857144))
(2483.0, ( 0.08571428571428585, 0.3571428571428572))
(2483.0, ( 0.08571428571428585, 0.35))
(2514.0, ( 0.08571428571428585, 0.34285714285714286))
(2514.0, ( 0.08571428571428585, 0.33571428571428574))
(2530.0, ( 0.09285714285714297, 0.3285714285714286))
(2545.0, ( 0.09285714285714297, 0.3214285714285714))
(2545.0, ( 0.10000000000000009, 0.3214285714285714))
(2561.0, ( 0.10000000000000009, 0.3142857142857143))
(2561.0, ( 0.1071428571428572, 0.30714285714285716))
(2576.0, ( 0.11428571428571432, 0.30000000000000004))
(2592.0, ( 0.12142857142857144, 0.30000000000000004))
(2592.0, ( 0.13571428571428568, 0.2857142857142857))
(2623.0, ( 0.1499999999999999, 0.2785714285714286))
(2623.0, ( 0.15714285714285703, 0.2785714285714286))
(2639.0, ( 0.15714285714285703, 0.27142857142857146))
(2654.0, ( 0.16428571428571415, 0.26428571428571435))
(2654.0, ( 0.17857142857142838, 0.2571428571428571))
(2670.0, ( 0.19999999999999973, 0.24285714285714288))
(2686.0, ( 0.2142857142857144, 0.22857142857142865))
(2701.0, ( 0.22857142857142865, 0.22142857142857142))
(2701.0, ( 0.23571428571428577, 0.2142857142857143))
(2717.0, ( 0.23571428571428577, 0.19285714285714284))
(2717.0, ( 0.24285714285714288, 0.19285714285714284))
(2732.0, ( 0.25, 0.18571428571428572))
(2732.0, ( 0.2571428571428571, 0.1785714285714286))
(2748.0, ( 0.26428571428571423, 0.16428571428571426))
(2764.0, ( 0.27142857142857135, 0.15000000000000002))
(2764.0, ( 0.27142857142857135, 0.1428571428571429))
(2779.0, ( 0.27857142857142847, 0.1357142857142858))
(2779.0, ( 0.2857142857142856, 0.12857142857142856))
(2795.0, ( 0.2857142857142856, 0.12142857142857144))
(2795.0, ( 0.2999999999999998, 0.1071428571428572))
(2810.0, ( 0.2999999999999998, 0.09999999999999998))
(2810.0, ( 0.30714285714285694, 0.09285714285714286))
(2826.0, ( 0.31428571428571406, 0.07857142857142863))
(2826.0, ( 0.3214285714285712, 0.06428571428571428))
(2842.0, ( 0.3285714285714283, 0.050000000000000044))
(2842.0, ( 0.34285714285714297, 0.021428571428571463))
(2857.0, ( 0.34285714285714297, 0.014285714285714346))
(2857.0, ( 0.3571428571428572, 0.0))
(2873.0, ( 0.37142857142857144, -0.021428571428571352))
(2873.0, ( 0.3999999999999999, -0.02857142857142847))
(2888.0, ( 0.40714285714285703, -0.050000000000000044))
(2904.0, ( 0.4285714285714284, -0.06428571428571428))
(2904.0, ( 0.4285714285714284, -0.0714285714285714))
(2920.0, ( 0.4357142857142855, -0.08571428571428563))
(2920.0, ( 0.4428571428571426, -0.09285714285714275))
(2935.0, ( 0.44999999999999973, -0.1071428571428572))
(2935.0, ( 0.45714285714285685, -0.11428571428571432))
(2951.0, ( 0.4642857142857144, -0.12142857142857144))
(2951.0, ( 0.4642857142857144, -0.12857142857142856))
(2966.0, ( 0.4642857142857144, -0.13571428571428568))
(2966.0, ( 0.4642857142857144, -0.1428571428571428))
(2982.0, ( 0.47142857142857153, -0.1499999999999999))
(2982.0, ( 0.47142857142857153, -0.15714285714285703))
(2998.0, ( 0.47857142857142865, -0.15714285714285703))
(2998.0, ( 0.48571428571428577, -0.16428571428571415))
(3013.0, ( 0.48571428571428577, -0.17142857142857149))
(3029.0, ( 0.5, -0.18571428571428572))
(3029.0, ( 0.5, -0.19285714285714284))
(3044.0, ( 0.5071428571428571, -0.19999999999999996))
(3060.0, ( 0.5142857142857142, -0.20714285714285707))
(3076.0, ( 0.5142857142857142, -0.2142857142857142))
(3076.0, ( 0.5214285714285714, -0.2214285714285713))
(3091.0, ( 0.5285714285714285, -0.22857142857142843))
(3107.0, ( 0.5357142857142856, -0.23571428571428577))
(3107.0, ( 0.5357142857142856, -0.24285714285714288))
(3122.0, ( 0.5357142857142856, -0.25))
(3122.0, ( 0.5428571428571427, -0.26428571428571423))
(3138.0, ( 0.5499999999999998, -0.27142857142857135))
(3138.0, ( 0.5571428571428569, -0.27857142857142847))
(3154.0, ( 0.5571428571428569, -0.2928571428571429))
(3169.0, ( 0.5642857142857141, -0.30714285714285716))
(3185.0, ( 0.5642857142857141, -0.3214285714285714))
(3185.0, ( 0.5785714285714283, -0.33571428571428563))
(3200.0, ( 0.5785714285714283, -0.34285714285714275))
(3200.0, ( 0.5857142857142854, -0.34999999999999987))
(3216.0, ( 0.5857142857142854, -0.3571428571428572))
(3232.0, ( 0.592857142857143, -0.3642857142857143))
(3232.0, ( 0.592857142857143, -0.37142857142857144))
(3247.0, ( 0.6000000000000001, -0.3857142857142857))
(3247.0, ( 0.6000000000000001, -0.3928571428571428))
(3263.0, ( 0.6071428571428572, -0.40714285714285703))
(3263.0, ( 0.6071428571428572, -0.41428571428571415))
(3278.0, ( 0.6142857142857143, -0.4214285714285715))
(3278.0, ( 0.6142857142857143, -0.4357142857142857))
(3294.0, ( 0.6142857142857143, -0.44285714285714284))
(3294.0, ( 0.6214285714285714, -0.44999999999999996))
(3310.0, ( 0.6214285714285714, -0.4571428571428571))
(3325.0, ( 0.6214285714285714, -0.4642857142857142))
(3325.0, ( 0.6214285714285714, -0.4714285714285713))
(3341.0, ( 0.6214285714285714, -0.4785714285714284))
(3356.0, ( 0.6214285714285714, -0.48571428571428577))
(3356.0, ( 0.6214285714285714, -0.4928571428571429))
(3372.0, ( 0.6214285714285714, -0.5))
(3388.0, ( 0.6214285714285714, -0.5071428571428571))
(3403.0, ( 0.6214285714285714, -0.5142857142857142))
(3403.0, ( 0.6214285714285714, -0.5214285714285714))
(3419.0, ( 0.6142857142857143, -0.5214285714285714))
(3419.0, ( 0.6142857142857143, -0.5285714285714285))
(3434.0, ( 0.6071428571428572, -0.5357142857142856))
(3450.0, ( 0.592857142857143, -0.5571428571428572))
(3466.0, ( 0.592857142857143, -0.5642857142857143))
(3466.0, ( 0.5785714285714283, -0.5785714285714285))
(3481.0, ( 0.5785714285714283, -0.5928571428571427))
(3497.0, ( 0.5642857142857141, -0.607142857142857))
(3512.0, ( 0.5571428571428569, -0.6142857142857143))
(3512.0, ( 0.5571428571428569, -0.6214285714285714))
(3528.0, ( 0.5499999999999998, -0.6285714285714286))
(3544.0, ( 0.5357142857142856, -0.6428571428571428))
(3544.0, ( 0.5357142857142856, -0.657142857142857))
(3559.0, ( 0.5285714285714285, -0.657142857142857))
(3559.0, ( 0.5214285714285714, -0.6642857142857141))
(3575.0, ( 0.5071428571428571, -0.6714285714285715))
(3590.0, ( 0.5071428571428571, -0.6785714285714286))
(3590.0, ( 0.5, -0.6785714285714286))
(3606.0, ( 0.5, -0.6857142857142857))
(3606.0, ( 0.5, -0.6928571428571428))
(3622.0, ( 0.4928571428571429, -0.6928571428571428))
(3622.0, ( 0.48571428571428577, -0.7))
(3637.0, ( 0.47857142857142865, -0.7071428571428571))
(3653.0, ( 0.47857142857142865, -0.7142857142857142))
(3653.0, ( 0.47142857142857153, -0.7214285714285713))
(3668.0, ( 0.4642857142857144, -0.7214285714285713))
(3668.0, ( 0.45714285714285685, -0.7214285714285713))
(3684.0, ( 0.45714285714285685, -0.7285714285714284))
(3700.0, ( 0.44999999999999973, -0.7285714285714284))
(3700.0, ( 0.4428571428571426, -0.7357142857142858))
(3715.0, ( 0.4428571428571426, -0.7428571428571429))
(3731.0, ( 0.4357142857142855, -0.7428571428571429))
(3746.0, ( 0.4285714285714284, -0.7428571428571429))
(3762.0, ( 0.42142857142857126, -0.75))
(3778.0, ( 0.41428571428571415, -0.75))
(3793.0, ( 0.40714285714285703, -0.7571428571428571))
(3824.0, ( 0.3928571428571428, -0.7571428571428571))
(3840.0, ( 0.37857142857142856, -0.7642857142857142))
(3856.0, ( 0.3642857142857143, -0.7642857142857142))
(3871.0, ( 0.3571428571428572, -0.7642857142857142))
(3871.0, ( 0.34285714285714297, -0.7714285714285714))
(3887.0, ( 0.3357142857142854, -0.7785714285714285))
(3887.0, ( 0.3285714285714283, -0.7785714285714285))
(3902.0, ( 0.3214285714285712, -0.7785714285714285))
(3918.0, ( 0.30714285714285694, -0.7785714285714285))
(3918.0, ( 0.30714285714285694, -0.7857142857142856))
(3934.0, ( 0.2928571428571427, -0.7857142857142856))
(3934.0, ( 0.2928571428571427, -0.7928571428571427))
(3949.0, ( 0.2857142857142856, -0.7928571428571427))
(3949.0, ( 0.27857142857142847, -0.7928571428571427))
(3965.0, ( 0.27142857142857135, -0.7928571428571427))
(3965.0, ( 0.2571428571428571, -0.7928571428571427))
(3980.0, ( 0.2571428571428571, -0.8))
(3980.0, ( 0.25, -0.8))
(3996.0, ( 0.23571428571428577, -0.8))
(4012.0, ( 0.22857142857142865, -0.8071428571428572))
(4012.0, ( 0.22142857142857153, -0.8071428571428572))
(4027.0, ( 0.2142857142857144, -0.8071428571428572))
(4027.0, ( 0.20714285714285685, -0.8142857142857143))
(4043.0, ( 0.19999999999999973, -0.8142857142857143))
(4043.0, ( 0.17857142857142838, -0.8214285714285714))
(4058.0, ( 0.17142857142857126, -0.8214285714285714))
(4058.0, ( 0.15714285714285703, -0.8214285714285714))
(4074.0, ( 0.13571428571428568, -0.8285714285714285))
(4074.0, ( 0.11428571428571432, -0.8285714285714285))
(4090.0, ( 0.10000000000000009, -0.8357142857142856))
(4090.0, ( 0.07857142857142829, -0.8428571428571427))
(4105.0, ( 0.06428571428571406, -0.8428571428571427))
(4105.0, ( 0.04999999999999982, -0.8428571428571427))
(4121.0, ( 0.02857142857142847, -0.8499999999999999))
(4121.0, ( 0.021428571428571352, -0.8499999999999999))
(4136.0, ( 0.014285714285714235, -0.8499999999999999))
(4136.0, ( 0.0, -0.857142857142857))
(4168.0, ( -0.014285714285714235, -0.857142857142857))
(4183.0, ( -0.021428571428571352, -0.857142857142857))
(4183.0, ( -0.02857142857142847, -0.857142857142857))
(4199.0, ( -0.03571428571428559, -0.857142857142857))
(4199.0, ( -0.03571428571428559, -0.8642857142857143))
(4214.0, ( -0.04285714285714315, -0.8642857142857143))
(4214.0, ( -0.050000000000000266, -0.8642857142857143))
(4230.0, ( -0.057142857142857384, -0.8642857142857143))
(4230.0, ( -0.07142857142857162, -0.8714285714285714))
(4246.0, ( -0.08571428571428585, -0.8714285714285714))
(4261.0, ( -0.1071428571428572, -0.8714285714285714))
(4277.0, ( -0.11428571428571432, -0.8714285714285714))
(4277.0, ( -0.1428571428571428, -0.8714285714285714))
(4292.0, ( -0.15714285714285703, -0.8714285714285714))
(4308.0, ( -0.1714285714285717, -0.8714285714285714))
(4308.0, ( -0.17857142857142883, -0.8785714285714286))
(4324.0, ( -0.18571428571428594, -0.8785714285714286))
(4324.0, ( -0.19285714285714306, -0.8785714285714286))
(4339.0, ( -0.20000000000000018, -0.8785714285714286))
(4355.0, ( -0.2071428571428573, -0.8785714285714286))
(4370.0, ( -0.2142857142857144, -0.8785714285714286))
(4386.0, ( -0.2142857142857144, -0.8857142857142857))
(4386.0, ( -0.22142857142857153, -0.8857142857142857))
(4417.0, ( -0.23571428571428577, -0.8857142857142857))
(4433.0, ( -0.24285714285714288, -0.8857142857142857))
(4464.0, ( -0.25, -0.8857142857142857))
(4464.0, ( -0.2571428571428571, -0.8857142857142857))
(4495.0, ( -0.26428571428571423, -0.8857142857142857))
(4511.0, ( -0.27142857142857135, -0.8857142857142857))
(4526.0, ( -0.27857142857142847, -0.8857142857142857))
(4526.0, ( -0.2857142857142856, -0.8928571428571428))
(4542.0, ( -0.2928571428571427, -0.8928571428571428))
(4558.0, ( -0.3071428571428574, -0.8928571428571428))
(4558.0, ( -0.3214285714285716, -0.8928571428571428))
(4573.0, ( -0.32857142857142874, -0.8928571428571428))
(4573.0, ( -0.34285714285714297, -0.8928571428571428))
(4589.0, ( -0.3500000000000001, -0.8928571428571428))
(4589.0, ( -0.37142857142857144, -0.8928571428571428))
(4604.0, ( -0.37857142857142856, -0.8928571428571428))
(4604.0, ( -0.3857142857142857, -0.8928571428571428))
(4620.0, ( -0.3999999999999999, -0.8928571428571428))
(4620.0, ( -0.44285714285714306, -0.8928571428571428))
(4636.0, ( -0.4500000000000002, -0.8928571428571428))
(4651.0, ( -0.47857142857142865, -0.8928571428571428))
(4667.0, ( -0.48571428571428577, -0.8928571428571428))
(4667.0, ( -0.4928571428571429, -0.8928571428571428))
(4682.0, ( -0.5, -0.8928571428571428))
(4698.0, ( -0.5071428571428571, -0.8928571428571428))
(4714.0, ( -0.5142857142857145, -0.8928571428571428))
(4729.0, ( -0.5285714285714287, -0.8928571428571428))
(4729.0, ( -0.5357142857142858, -0.8928571428571428))
(4745.0, ( -0.5428571428571429, -0.8928571428571428))
(4745.0, ( -0.55, -0.8928571428571428))
(4760.0, ( -0.5571428571428572, -0.8928571428571428))
(4792.0, ( -0.5642857142857143, -0.8928571428571428))
(4807.0, ( -0.5714285714285714, -0.8928571428571428))
(4823.0, ( -0.5785714285714287, -0.8928571428571428))
(4838.0, ( -0.5857142857142859, -0.8928571428571428))
(4854.0, ( -0.6000000000000001, -0.8928571428571428))
(4870.0, ( -0.6071428571428572, -0.8928571428571428))
(4870.0, ( -0.6142857142857143, -0.8857142857142857))
(4885.0, ( -0.6214285714285714, -0.8785714285714286))
(4885.0, ( -0.6357142857142857, -0.8785714285714286))
(4901.0, ( -0.6500000000000001, -0.8714285714285714))
(4916.0, ( -0.6571428571428573, -0.8642857142857143))
(4916.0, ( -0.6642857142857144, -0.8642857142857143))
(4932.0, ( -0.6714285714285715, -0.8642857142857143))
(4932.0, ( -0.6714285714285715, -0.857142857142857))
(4948.0, ( -0.6857142857142857, -0.857142857142857))
(4963.0, ( -0.6928571428571428, -0.857142857142857))
(4963.0, ( -0.6928571428571428, -0.8499999999999999))
(4979.0, ( -0.7071428571428573, -0.8428571428571427))
(4994.0, ( -0.7142857142857144, -0.8357142857142856))
(5010.0, ( -0.7214285714285715, -0.8285714285714285))
(5010.0, ( -0.7214285714285715, -0.8214285714285714))
(5026.0, ( -0.7285714285714286, -0.8214285714285714))
(5026.0, ( -0.7357142857142858, -0.8071428571428572))
(5057.0, ( -0.7428571428571429, -0.8))
(5072.0, ( -0.7428571428571429, -0.7928571428571427))
(5119.0, ( -0.7428571428571429, -0.7857142857142856))
(5135.0, ( -0.7428571428571429, -0.7785714285714285))
(5150.0, ( -0.7428571428571429, -0.7714285714285714))
(5166.0, ( -0.75, -0.7642857142857142))
(5182.0, ( -0.7571428571428571, -0.75))
(5197.0, ( -0.7571428571428571, -0.7428571428571429))
(5213.0, ( -0.7571428571428571, -0.7357142857142858))
(5213.0, ( -0.7571428571428571, -0.7285714285714284))
(5244.0, ( -0.7571428571428571, -0.7214285714285713))
(5244.0, ( -0.7571428571428571, -0.7142857142857142))
(5260.0, ( -0.7571428571428571, -0.7071428571428571))
(5275.0, ( -0.7571428571428571, -0.6928571428571428))
(5291.0, ( -0.7571428571428571, -0.6857142857142857))
(5306.0, ( -0.7571428571428571, -0.6785714285714286))
(5306.0, ( -0.7571428571428571, -0.6714285714285715))
(5322.0, ( -0.7571428571428571, -0.6642857142857141))
(5338.0, ( -0.7571428571428571, -0.657142857142857))
(5353.0, ( -0.7571428571428571, -0.6499999999999999))
(5353.0, ( -0.7571428571428571, -0.6428571428571428))
(5369.0, ( -0.7571428571428571, -0.6357142857142857))
(5400.0, ( -0.7571428571428571, -0.6285714285714286))
(5400.0, ( -0.7571428571428571, -0.6214285714285714))
(5416.0, ( -0.7571428571428571, -0.6142857142857143))
(5416.0, ( -0.7571428571428571, -0.607142857142857))
(5431.0, ( -0.7571428571428571, -0.5999999999999999))
(5431.0, ( -0.7571428571428571, -0.5857142857142856))
(5462.0, ( -0.7571428571428571, -0.5785714285714285))
(5478.0, ( -0.75, -0.5785714285714285))
(5478.0, ( -0.75, -0.5714285714285714))
(5509.0, ( -0.75, -0.5642857142857143))
(5509.0, ( -0.7428571428571429, -0.5642857142857143))
(5525.0, ( -0.7428571428571429, -0.5571428571428572))
(5540.0, ( -0.7357142857142858, -0.5571428571428572))
(5587.0, ( -0.7285714285714286, -0.5571428571428572))
(5603.0, ( -0.7285714285714286, -0.55))
(5603.0, ( -0.7214285714285715, -0.55))
(5634.0, ( -0.7142857142857144, -0.55))
(5650.0, ( -0.7071428571428573, -0.5428571428571427))
(5665.0, ( -0.7, -0.5428571428571427))
(5681.0, ( -0.7, -0.5357142857142856))
(5696.0, ( -0.6928571428571428, -0.5357142857142856))
(5712.0, ( -0.6928571428571428, -0.5285714285714285))
(5728.0, ( -0.6857142857142857, -0.5285714285714285))
(5759.0, ( -0.6714285714285715, -0.5285714285714285))
(5774.0, ( -0.6714285714285715, -0.5214285714285714))
(5806.0, ( -0.6642857142857144, -0.5214285714285714))
(5821.0, ( -0.6571428571428573, -0.5142857142857142))
(5837.0, ( -0.6500000000000001, -0.5071428571428571))
(5837.0, ( -0.642857142857143, -0.5071428571428571))
(5868.0, ( -0.6357142857142857, -0.5071428571428571))
(5868.0, ( -0.6357142857142857, -0.5))
(5884.0, ( -0.6285714285714286, -0.5))
(5915.0, ( -0.6214285714285714, -0.5))
(5930.0, ( -0.6142857142857143, -0.5))
(5946.0, ( -0.6071428571428572, -0.5))
(5977.0, ( -0.6000000000000001, -0.5))
(6008.0, ( -0.592857142857143, -0.5))
(6040.0, ( -0.5857142857142859, -0.5))
(6040.0, ( -0.5785714285714287, -0.5))
(6071.0, ( -0.5714285714285714, -0.5))
(6086.0, ( -0.5642857142857143, -0.4928571428571429))
(6102.0, ( -0.5571428571428572, -0.4928571428571429))
(6133.0, ( -0.55, -0.4928571428571429))
(6164.0, ( -0.5428571428571429, -0.4928571428571429))
(6196.0, ( -0.5357142857142858, -0.4928571428571429))
(6227.0, ( -0.5285714285714287, -0.4928571428571429))
(6242.0, ( -0.5214285714285716, -0.4928571428571429))
(6320.0, ( -0.5142857142857145, -0.4928571428571429))
(6352.0, ( -0.5071428571428571, -0.4928571428571429))
(6383.0, ( -0.5071428571428571, -0.5))
(6586.0, ( -0.5071428571428571, -0.5071428571428571))
(6913.0, ( -0.5, -0.5142857142857142))
(6960.0, ( -0.4928571428571429, -0.5142857142857142))
(7007.0, ( -0.4928571428571429, -0.5214285714285714))
(7022.0, ( -0.4928571428571429, -0.5285714285714285))
(7038.0, ( -0.48571428571428577, -0.5285714285714285))
(7038.0, ( -0.48571428571428577, -0.5357142857142856))
(7038.0, ( -0.48571428571428577, -0.5428571428571427))
(7069.0, ( -0.48571428571428577, -0.55))
(7069.0, ( -0.47857142857142865, -0.55))
(7178.0, ( -0.47857142857142865, -0.5571428571428572))
(7194.0, ( -0.47857142857142865, -0.5642857142857143))
(7241.0, ( -0.47857142857142865, -0.5714285714285714))
(7256.0, ( -0.48571428571428577, -0.5714285714285714))
(7272.0, ( -0.48571428571428577, -0.5785714285714285))
(7288.0, ( -0.4928571428571429, -0.5785714285714285))
(7303.0, ( -0.4928571428571429, -0.5857142857142856))
(7607.0, ( -0.4928571428571429, -0.5785714285714285))
(7623.0, ( -0.4928571428571429, -0.5642857142857143))
